-5.120141467676591063e-01 -4.915657167020077711e-01
-2.217671965344947260e-01 -2.145904425405205096e-01
-9.580591320615026163e-01 -2.808259751864723430e-01
-5.135415146860731195e-01 -5.359692031105272036e-01
-9.605281692131020232e-01 -6.203224843041192926e-01
1.926410183776572360e-01 5.257859848332189223e-01
5.961573167969946851e-02 3.680335266445546871e-01
-1.669989675966270237e-01 2.510549488455859901e-03
1.685804041666081332e-01 1.207565636797669484e-02
2.553986814853566045e-01 2.804809471082496675e-01
-1.544575505647307612e-01 4.682801229377338004e-01
-3.082830346539067179e-01 -8.709425416999294622e-01
-6.835240003755385096e-01 4.473269994342290445e-01
7.119660370365539226e-01 -5.055168697283369816e-01
-2.156700901239227974e-02 -7.010448094214607462e-01
-4.630555839278409636e-01 -1.834604309135319244e-01
